[gd_scene load_steps=10 format=3 uid="uid://6yl7adio3uth"]

[ext_resource type="Script" uid="uid://c64ys4b15fy15" path="res://Player/player.gd" id="1_b7wnn"]
[ext_resource type="PackedScene" uid="uid://bklgwml5xu7dm" path="res://Player/health_component.tscn" id="2_8tbli"]
[ext_resource type="Script" uid="uid://cbfeop20ejf47" path="res://Player/smooth_camera_arm.gd" id="2_vk67s"]
[ext_resource type="PackedScene" uid="uid://cerlnpbxkp2hg" path="res://Player/dash.tscn" id="3_vtle1"]
[ext_resource type="PackedScene" uid="uid://dxcbhxkcrs3mq" path="res://Player/rig.tscn" id="3_y7ra5"]
[ext_resource type="Script" uid="uid://cm23ons5pf4bs" path="res://Player/attack_ray_cast.gd" id="4_eayji"]
[ext_resource type="PackedScene" uid="uid://yvonvin6qp2m" path="res://Player/area_attack.tscn" id="6_fhl08"]

[sub_resource type="CapsuleShape3D" id="CapsuleShape3D_n5ak4"]

[sub_resource type="SeparationRayShape3D" id="SeparationRayShape3D_j2ufs"]

[node name="Player" type="CharacterBody3D"]
collision_layer = 5
script = ExtResource("1_b7wnn")

[node name="HealthComponent" parent="." instance=ExtResource("2_8tbli")]

[node name="Dash" parent="." node_paths=PackedStringArray("player") instance=ExtResource("3_vtle1")]
player = NodePath("..")

[node name="CollisionShape3D" type="CollisionShape3D" parent="."]
shape = SubResource("CapsuleShape3D_n5ak4")

[node name="SmoothCameraArm" type="SpringArm3D" parent="." node_paths=PackedStringArray("target")]
transform = Transform3D(1, 0, 0, 0, 0.906308, 0.422618, 0, -0.422618, 0.906308, 0, 0, 0)
shape = SubResource("SeparationRayShape3D_j2ufs")
spring_length = 4.0
script = ExtResource("2_vk67s")
target = NodePath("../HorizontalPivot/VerticalPivot")

[node name="Camera3D" type="Camera3D" parent="SmoothCameraArm"]

[node name="HorizontalPivot" type="Node3D" parent="."]

[node name="VerticalPivot" type="Node3D" parent="HorizontalPivot"]

[node name="RigPivot" type="Node3D" parent="."]
transform = Transform3D(1, 0, 0, 0, 1, 0, 0, 0, 1, 0, -1, 0)

[node name="Rig" parent="RigPivot" instance=ExtResource("3_y7ra5")]

[node name="Skeleton3D" parent="RigPivot/Rig/CharacterRig/GameRig" index="0"]
bones/0/position = Vector3(4.44089e-15, 0.911039, -0.0481736)
bones/2/rotation = Quaternion(0.00716791, -0.000270058, 0.00321099, 0.999969)
bones/3/rotation = Quaternion(-0.0883087, -0.00027364, 0.00852497, 0.996057)
bones/4/rotation = Quaternion(0.26966, 1.43925e-08, 9.16135e-08, 0.962956)
bones/6/rotation = Quaternion(-0.165475, -1.17566e-07, -1.97261e-08, 0.986214)
bones/7/position = Vector3(-4.34411e-08, 0.911039, -0.0481734)
bones/8/position = Vector3(-4.15245e-08, 0.911039, -0.0481735)
bones/9/position = Vector3(0.131144, 0.977243, -0.0351291)
bones/9/rotation = Quaternion(0.994336, 0.0202003, -0.0312712, 0.0995479)
bones/11/rotation = Quaternion(0.392988, -0.00069443, 0.00029689, 0.919543)
bones/13/rotation = Quaternion(-0.739885, 0.0118422, 0.0243573, 0.672188)
bones/15/position = Vector3(-0.131144, 0.977243, -0.0351291)
bones/15/rotation = Quaternion(0.976006, -0.00524082, 0.0276976, 0.215913)
bones/17/rotation = Quaternion(0.419386, 0.00314448, -0.00145279, 0.907802)
bones/19/rotation = Quaternion(-0.677367, -0.0281341, -0.00150058, 0.735106)
bones/21/position = Vector3(0.0251286, 1.44053, 0.0474781)
bones/21/rotation = Quaternion(-0.469151, -0.267775, -0.417753, 0.730532)
bones/22/position = Vector3(0.191616, 1.47952, -0.00912018)
bones/22/rotation = Quaternion(0.0195512, -0.164275, 0.97552, -0.144885)
bones/23/rotation = Quaternion(6.95282e-08, -0.0405366, -4.24384e-08, 0.999178)
bones/24/rotation = Quaternion(0.355079, -0.0407031, -0.0221666, 0.933687)
bones/46/position = Vector3(-0.0113635, 1.44053, 0.047478)
bones/46/rotation = Quaternion(-0.468302, 0.267209, 0.418032, 0.731124)
bones/47/position = Vector3(-0.17781, 1.4797, -0.00913001)
bones/47/rotation = Quaternion(-0.00664191, -0.148367, 0.976091, 0.158715)
bones/48/rotation = Quaternion(-1.36438e-07, 0.0596939, -9.61723e-08, 0.998217)
bones/49/rotation = Quaternion(0.396236, 0.0598545, 0.0277254, 0.915776)
bones/71/position = Vector3(0.127191, 1.36167, -0.0243452)
bones/71/rotation = Quaternion(2.03647e-08, 0.597598, 0.801796, -4.5822e-08)
bones/72/position = Vector3(-0.113426, 1.36167, -0.0243452)
bones/72/rotation = Quaternion(2.03647e-08, 0.597597, 0.801796, -4.58219e-08)

[node name="RightHandBone" parent="RigPivot/Rig" index="2"]
transform = Transform3D(-0.962411, -0.270577, -0.0235177, 0.219835, -0.826913, 0.517579, -0.159492, 0.492954, 0.855312, -0.35157, 1.01431, 0.033321)

[node name="LeftHandBone" parent="RigPivot/Rig" index="3"]
transform = Transform3D(-0.970498, 0.239164, 0.0305855, -0.207939, -0.894426, 0.395934, 0.12205, 0.377893, 0.917769, 0.348441, 0.996673, -0.00498528)

[node name="RayAttachment" type="BoneAttachment3D" parent="RigPivot/Rig"]
transform = Transform3D(-0.962411, -0.270577, -0.0235177, 0.219835, -0.826913, 0.517579, -0.159492, 0.492954, 0.855312, -0.35157, 1.01431, 0.033321)
bone_name = "DEF-hand.R"
bone_idx = 51
use_external_skeleton = true
external_skeleton = NodePath("../CharacterRig/GameRig/Skeleton3D")

[node name="AttackRayCast" type="RayCast3D" parent="RigPivot/Rig/RayAttachment"]
unique_name_in_owner = true
transform = Transform3D(-0.2489, -0.163596, 0.954613, 0.968531, -0.0417981, 0.245365, -0.000239165, 0.985643, 0.16885, -0.0346665, 0.0764833, 0.0522733)
target_position = Vector3(0, 1, 0)
collision_mask = 8
script = ExtResource("4_eayji")

[node name="AreaAttack" parent="RigPivot" instance=ExtResource("6_fhl08")]
transform = Transform3D(1, 0, 0, 0, 1, 0, 0, 0, 1, 0, 1, 1)
collision_mask = 8

[connection signal="defeat" from="HealthComponent" to="." method="_on_health_component_defeat"]
[connection signal="heavy_attack" from="RigPivot/Rig" to="." method="_on_rig_heavy_attack"]

[editable path="RigPivot/Rig"]
[editable path="RigPivot/Rig/CharacterRig"]
