[gd_scene load_steps=10 format=3 uid="uid://6yl7adio3uth"]

[ext_resource type="Script" uid="uid://c64ys4b15fy15" path="res://Player/player.gd" id="1_b7wnn"]
[ext_resource type="PackedScene" uid="uid://bklgwml5xu7dm" path="res://Player/health_component.tscn" id="2_8tbli"]
[ext_resource type="Script" uid="uid://cbfeop20ejf47" path="res://Player/smooth_camera_arm.gd" id="2_vk67s"]
[ext_resource type="PackedScene" uid="uid://cerlnpbxkp2hg" path="res://Player/dash.tscn" id="3_vtle1"]
[ext_resource type="PackedScene" uid="uid://dxcbhxkcrs3mq" path="res://Player/rig.tscn" id="3_y7ra5"]
[ext_resource type="Script" uid="uid://cm23ons5pf4bs" path="res://Player/attack_ray_cast.gd" id="4_eayji"]
[ext_resource type="PackedScene" uid="uid://yvonvin6qp2m" path="res://Player/area_attack.tscn" id="6_fhl08"]

[sub_resource type="CapsuleShape3D" id="CapsuleShape3D_n5ak4"]

[sub_resource type="SeparationRayShape3D" id="SeparationRayShape3D_j2ufs"]

[node name="Player" type="CharacterBody3D"]
collision_layer = 5
script = ExtResource("1_b7wnn")

[node name="HealthComponent" parent="." instance=ExtResource("2_8tbli")]

[node name="CollisionShape3D" type="CollisionShape3D" parent="."]
shape = SubResource("CapsuleShape3D_n5ak4")

[node name="SmoothCameraArm" type="SpringArm3D" parent="." node_paths=PackedStringArray("target")]
transform = Transform3D(1, 0, 0, 0, 0.906308, 0.422618, 0, -0.422618, 0.906308, 0, 0, 0)
shape = SubResource("SeparationRayShape3D_j2ufs")
spring_length = 4.0
script = ExtResource("2_vk67s")
target = NodePath("../HorizontalPivot/VerticalPivot")

[node name="Camera3D" type="Camera3D" parent="SmoothCameraArm"]

[node name="HorizontalPivot" type="Node3D" parent="."]

[node name="VerticalPivot" type="Node3D" parent="HorizontalPivot"]

[node name="RigPivot" type="Node3D" parent="."]
transform = Transform3D(1, 0, 0, 0, 1, 0, 0, 0, 1, 0, -1, 0)

[node name="Rig" parent="RigPivot" instance=ExtResource("3_y7ra5")]

[node name="Skeleton3D" parent="RigPivot/Rig/CharacterRig/GameRig" index="0"]
bones/0/position = Vector3(5.64076e-15, 0.893206, -0.0481735)
bones/2/rotation = Quaternion(-0.00429184, -0.000455789, 0.0032156, 0.999986)
bones/3/rotation = Quaternion(-0.0987414, -0.000409319, 0.00851855, 0.995077)
bones/4/rotation = Quaternion(0.27918, 1.42144e-08, 9.61892e-08, 0.960239)
bones/6/rotation = Quaternion(-0.153508, -1.1813e-07, -1.61441e-08, 0.988147)
bones/7/position = Vector3(-3.88571e-08, 0.893206, -0.0481735)
bones/8/position = Vector3(-6.49959e-08, 0.893206, -0.0481735)
bones/9/position = Vector3(0.131144, 0.95941, -0.0351291)
bones/9/rotation = Quaternion(0.992604, 0.0210789, -0.0308525, 0.115506)
bones/11/rotation = Quaternion(0.429121, -0.000700644, 0.000333014, 0.903247)
bones/13/rotation = Quaternion(-0.755414, 0.0118995, 0.0244249, 0.654684)
bones/15/position = Vector3(-0.131144, 0.95941, -0.0351291)
bones/15/rotation = Quaternion(0.972231, -0.00596235, 0.0271967, 0.23236)
bones/17/rotation = Quaternion(0.452608, 0.00334098, -0.00169588, 0.891702)
bones/19/rotation = Quaternion(-0.691816, -0.0282117, -0.000473781, 0.721522)
bones/21/position = Vector3(0.0251286, 1.42358, 0.0410353)
bones/21/rotation = Quaternion(-0.499344, -0.255452, -0.395643, 0.727232)
bones/22/position = Vector3(0.187647, 1.45975, -0.0276645)
bones/22/rotation = Quaternion(0.0576803, -0.158484, 0.97401, -0.151197)
bones/23/rotation = Quaternion(6.84186e-08, -0.00955614, 7.99926e-09, 0.999954)
bones/24/rotation = Quaternion(0.284306, -0.00955677, -0.0171351, 0.958533)
bones/46/position = Vector3(-0.0113635, 1.42358, 0.0410352)
bones/46/rotation = Quaternion(-0.523029, 0.207295, 0.362574, 0.742973)
bones/47/position = Vector3(-0.163603, 1.46, -0.0480529)
bones/47/rotation = Quaternion(-0.0940038, -0.133561, 0.971576, 0.171361)
bones/48/rotation = Quaternion(3.00853e-08, 0.000729689, 1.60334e-08, 1)
bones/49/rotation = Quaternion(0.314934, 0.000730043, 0.0286827, 0.94868)
bones/71/position = Vector3(0.127191, 1.34134, -0.0268694)
bones/71/rotation = Quaternion(1.90398e-08, 0.616959, 0.786996, -4.65626e-08)
bones/72/position = Vector3(-0.113426, 1.34134, -0.0268694)
bones/72/rotation = Quaternion(1.90398e-08, 0.616959, 0.786996, -4.65625e-08)

[node name="RightHandBone" parent="RigPivot/Rig" index="2"]
transform = Transform3D(-0.962343, -0.2708, -0.0237163, 0.245529, -0.90334, 0.351698, -0.116664, 0.332632, 0.935813, -0.337419, 0.97488, -0.0453653)

[node name="LeftHandBone" parent="RigPivot/Rig" index="3"]
transform = Transform3D(-0.970513, 0.239108, 0.0305217, -0.224473, -0.942648, 0.247034, 0.087839, 0.232899, 0.968526, 0.344457, 0.96427, -0.0596602)

[node name="RayAttachment" type="BoneAttachment3D" parent="RigPivot/Rig"]
transform = Transform3D(-0.962343, -0.2708, -0.0237163, 0.245529, -0.90334, 0.351698, -0.116664, 0.332632, 0.935813, -0.337419, 0.97488, -0.0453653)
bone_name = "DEF-hand.R"
bone_idx = 51
use_external_skeleton = true
external_skeleton = NodePath("../CharacterRig/GameRig/Skeleton3D")

[node name="AttackRayCast" type="RayCast3D" parent="RigPivot/Rig/RayAttachment"]
unique_name_in_owner = true
transform = Transform3D(-0.2489, -0.163596, 0.954613, 0.968531, -0.0417981, 0.245365, -0.000239165, 0.985643, 0.16885, -0.0346665, 0.0764833, 0.0522733)
target_position = Vector3(0, 1, 0)
collision_mask = 8
script = ExtResource("4_eayji")

[node name="AreaAttack" parent="RigPivot" instance=ExtResource("6_fhl08")]
transform = Transform3D(1, 0, 0, 0, 1, 0, 0, 0, 1, 0, 1, 1)
collision_mask = 8

[node name="Dash" parent="RigPivot" node_paths=PackedStringArray("player") instance=ExtResource("3_vtle1")]
transform = Transform3D(1, 0, 0, 0, 1, 0, 0, 0, 1, 0, 0.171014, 0)
player = NodePath("../..")

[connection signal="defeat" from="HealthComponent" to="." method="_on_health_component_defeat"]
[connection signal="heavy_attack" from="RigPivot/Rig" to="." method="_on_rig_heavy_attack"]

[editable path="RigPivot/Rig"]
[editable path="RigPivot/Rig/CharacterRig"]
