[gd_scene load_steps=8 format=3 uid="uid://6yl7adio3uth"]

[ext_resource type="Script" uid="uid://c64ys4b15fy15" path="res://Player/player.gd" id="1_b7wnn"]
[ext_resource type="PackedScene" uid="uid://bklgwml5xu7dm" path="res://Player/health_component.tscn" id="2_8tbli"]
[ext_resource type="Script" uid="uid://cbfeop20ejf47" path="res://Player/smooth_camera_arm.gd" id="2_vk67s"]
[ext_resource type="PackedScene" uid="uid://dxcbhxkcrs3mq" path="res://Player/rig.tscn" id="3_y7ra5"]
[ext_resource type="Script" uid="uid://cm23ons5pf4bs" path="res://Player/attack_ray_cast.gd" id="4_eayji"]

[sub_resource type="CapsuleShape3D" id="CapsuleShape3D_n5ak4"]

[sub_resource type="SeparationRayShape3D" id="SeparationRayShape3D_j2ufs"]

[node name="Player" type="CharacterBody3D"]
collision_layer = 5
script = ExtResource("1_b7wnn")

[node name="HealthComponent" parent="." instance=ExtResource("2_8tbli")]

[node name="CollisionShape3D" type="CollisionShape3D" parent="."]
shape = SubResource("CapsuleShape3D_n5ak4")

[node name="SmoothCameraArm" type="SpringArm3D" parent="." node_paths=PackedStringArray("target")]
transform = Transform3D(1, 0, 0, 0, 0.906308, 0.422618, 0, -0.422618, 0.906308, 0, 0, 0)
shape = SubResource("SeparationRayShape3D_j2ufs")
spring_length = 4.0
script = ExtResource("2_vk67s")
target = NodePath("../HorizontalPivot/VerticalPivot")

[node name="Camera3D" type="Camera3D" parent="SmoothCameraArm"]

[node name="HorizontalPivot" type="Node3D" parent="."]

[node name="VerticalPivot" type="Node3D" parent="HorizontalPivot"]

[node name="RigPivot" type="Node3D" parent="."]
transform = Transform3D(1, 0, 0, 0, 1, 0, 0, 0, 1, 0, -1, 0)

[node name="Rig" parent="RigPivot" instance=ExtResource("3_y7ra5")]

[node name="Skeleton3D" parent="RigPivot/Rig/CharacterRig/GameRig" index="0"]
bones/0/position = Vector3(4.44089e-15, 0.911102, -0.0481736)
bones/2/rotation = Quaternion(0.00719509, -0.000269617, 0.00321099, 0.999969)
bones/3/rotation = Quaternion(-0.08825, -0.000272877, 0.00852497, 0.996062)
bones/4/rotation = Quaternion(0.269723, 1.43955e-08, 9.16292e-08, 0.962938)
bones/6/rotation = Quaternion(-0.165395, -1.17568e-07, -1.97166e-08, 0.986227)
bones/7/position = Vector3(-3.04095e-08, 0.911102, -0.0481735)
bones/8/position = Vector3(-5.1986e-08, 0.911102, -0.0481735)
bones/9/position = Vector3(0.131144, 0.977306, -0.0351291)
bones/9/rotation = Quaternion(0.994328, 0.0202045, -0.0312692, 0.0996267)
bones/11/rotation = Quaternion(0.392937, -0.000694399, 0.000296848, 0.919565)
bones/13/rotation = Quaternion(-0.740001, 0.0118426, 0.0243577, 0.67206)
bones/15/position = Vector3(-0.131144, 0.977306, -0.0351291)
bones/15/rotation = Quaternion(0.976019, -0.00523821, 0.0276995, 0.215854)
bones/17/rotation = Quaternion(0.41934, 0.00314418, -0.00145245, 0.907823)
bones/19/rotation = Quaternion(-0.677367, -0.0281342, -0.00150059, 0.735105)
bones/21/position = Vector3(0.0251286, 1.44045, 0.0474485)
bones/21/rotation = Quaternion(-0.46911, -0.267791, -0.417783, 0.730535)
bones/22/position = Vector3(0.191607, 1.47947, -0.00916626)
bones/22/rotation = Quaternion(0.0194996, -0.164282, 0.975521, -0.144876)
bones/23/rotation = Quaternion(6.92938e-08, -0.0404603, -3.57781e-09, 0.999181)
bones/24/rotation = Quaternion(0.354823, -0.0405889, -0.0221509, 0.933789)
bones/46/position = Vector3(-0.0113635, 1.44045, 0.0474485)
bones/46/rotation = Quaternion(-0.468504, 0.266995, 0.417831, 0.731188)
bones/47/position = Vector3(-0.177753, 1.47961, -0.00933284)
bones/47/rotation = Quaternion(-0.0069644, -0.148314, 0.976088, 0.158764)
bones/48/rotation = Quaternion(-1.60099e-07, 0.0593978, -1.52872e-07, 0.998234)
bones/49/rotation = Quaternion(0.395943, 0.0596394, 0.0277398, 0.915916)
bones/71/position = Vector3(0.127191, 1.36168, -0.0243452)
bones/71/rotation = Quaternion(2.03553e-08, 0.597736, 0.801693, -4.58275e-08)
bones/72/position = Vector3(-0.113426, 1.36168, -0.0243452)
bones/72/rotation = Quaternion(2.03553e-08, 0.597736, 0.801693, -4.58274e-08)

[node name="RightHandBone" parent="RigPivot/Rig" index="2"]
transform = Transform3D(-0.962445, -0.270466, -0.0234161, 0.219905, -0.827283, 0.516957, -0.159191, 0.492393, 0.855691, -0.351484, 1.01412, 0.0329819)

[node name="LeftHandBone" parent="RigPivot/Rig" index="3"]
transform = Transform3D(-0.970555, 0.238961, 0.0303604, -0.207919, -0.894702, 0.39532, 0.12163, 0.377367, 0.918041, 0.34838, 0.996553, -0.00515703)

[node name="RayAttachment" type="BoneAttachment3D" parent="RigPivot/Rig"]
transform = Transform3D(-0.962445, -0.270466, -0.0234161, 0.219905, -0.827283, 0.516957, -0.159191, 0.492393, 0.855691, -0.351484, 1.01412, 0.0329819)
bone_name = "DEF-hand.R"
bone_idx = 51
use_external_skeleton = true
external_skeleton = NodePath("../CharacterRig/GameRig/Skeleton3D")

[node name="AttackRayCast" type="RayCast3D" parent="RigPivot/Rig/RayAttachment"]
unique_name_in_owner = true
transform = Transform3D(-0.2489, -0.163596, 0.954613, 0.968531, -0.0417981, 0.245365, -0.000239165, 0.985643, 0.16885, -0.0346665, 0.0764833, 0.0522733)
target_position = Vector3(0, 1, 0)
collision_mask = 8
script = ExtResource("4_eayji")

[connection signal="defeat" from="HealthComponent" to="." method="_on_health_component_defeat"]

[editable path="RigPivot/Rig"]
[editable path="RigPivot/Rig/CharacterRig"]
